1613.2593602861168
1935.609367776284
4998.944640247443
5742.27520281693
5465.243203048286
1407.2420432962897
3580.4104644658632
1794.270971721023
5722.527738483755
1069.6128654840752
7038.38531400097
3181.6402203289495
4037.541144045795
2547.4322604362105
7160.162660139529
1936.210512148932
2143.3658312094612
2545.5643563557364
2004.2009570265152
3602.993767585962
1480.5801258454003
2676.120456848843
3307.481899040961
1753.2569043654719
3913.0519566412877
955.8232720048007
1533.6517372110695
3924.468669399328
975.1642287600574
1526.0961894137254
7087.589799916818
5093.061221879562
4757.377038299289
2944.5114572986126
1962.7372794524333
646.9380090493064
1769.4184722997688
2387.676769962339
763.2608506213643
1909.4723171913463
2551.4006345206512
2663.4908477861845
1415.6314029100279
1961.6427480626069
1472.2055396672692
831.0494031824161
5631.103280189721
4551.491131323775
2031.7596682587734
1127.6750937691493
1038.6416961306938
4268.92608274465
1755.1543582554707
2071.820657998312
1154.8045921924488
4510.065143315297
641.5946797448911
1339.5626515158517
240.42764232513218
310.80832525782415
2261.0141314518673
1785.4805280095388
1191.9737786163062
1374.3016161089508
2289.1987114758776
2119.932165821215
2775.8365127208594
1537.9613411380649
380.6776967609863
2697.6377223432983
1815.1899904769714
430.5273519599729
553.6193971553665
896.8839161667773
817.2027340925696
1270.79656422858
1236.5495300384953
1701.6273779432133
1410.3712522794783
540.2160292892678
313.17628381150746
3349.3652338345314
2498.617200341964
751.4438424147321
2470.598395168596
559.1174052107192
567.7583634021079
981.110828433401
1353.8889748340678
787.1467026108177
2149.773560061479
1753.4567221972702
1257.34001607897
1268.5935251124868
1382.2749219874133
1487.6752236594727
1950.641661495238
4100.311564307882
758.9142442767474
465.9114029534305
1529.4606433573347
3307.091304665013
468.46188773397677
3489.542910392895
9267.706279857697
1181.024616344296
1027.211549170822
981.9293642428229
3946.9760333780305
1577.1591735615614
1841.107601504222
1805.8861660749737
3394.173213406107
1489.8346442874952
2023.084426503052
1246.0050323343619
2151.875243253351
809.781373028632
1244.638834771664
1021.1603673781118
5292.394313036556
1270.152364797813
2918.2908770500676
1430.7912873372006
1921.450989529573
368.09271359658743
1565.990650682724
1806.8078311871514
5920.447157065108
1282.3102182198372
1164.0252340272166
1042.1704074028137
1780.1087809027624
2635.1286880868415
2275.817155834532
2765.8908266347194
570.4911880902149
1224.3025302407711
1419.3289992908497
690.5635673967531
2281.843717507481
1543.763321489251
1520.8290219940293
1352.1876587449922
1163.805153403059
4699.645500457937
1823.0982267638458
1125.9933950178768
1762.4826784009265
3446.067471481654
1062.8295223819014
689.6654371650928
1131.1979792965378
772.7575030515459
629.2349031612181
5017.393076463896
1097.9081219962447
5624.503797576131
2075.372382046895
863.8604779667827
2525.7220846498835
972.269727150294
807.655800429494
1044.5795591548942
2677.3381629000082
602.0134245029741
1180.705243578491
2325.2858411861466
1101.8041717837839
3003.300209033725
2726.1867078363534
1247.794553770716
1908.261413775129
3836.124871510516
978.1394345683093
1405.7840863513902
1316.2965434403377
600.0346285193139
690.5009820191767
967.8360544669646
1116.019654995917
1827.9764166952482
1099.8375179262512
1230.1345203529204
770.7135169272609
1375.2642848362173
1321.6702122705308
1014.4130436404104
859.5390826529054
4087.705012338624
854.9977794322272
1681.8498000247755
1018.7321096335967
1374.8848972039884
910.8612152200805
1173.9615831336257
1228.5304432162395
1517.847153385265
1035.1663439270058
8110.519986588274
1227.1258869113917
2877.4379777037007
1511.4111258889986
1084.9078235797845
2263.9957586752444
1149.447750793135
725.5191276201344
1366.1107783374812
1032.0475923494803
1155.9334092652966
1007.7565546934294
1375.6868562209413
1001.8189425621382
914.5853017751862
1403.600809391898
1021.7298781929585
946.9699634994518
1868.4349895272942
905.1589799277266
4154.7288252737235
1144.2608150821004
1034.8071100376148
1818.8619627470605
3695.8886658828033
1070.2129363691959
804.4599667916663
490.5419556599218
938.72013991009
404.59712355638356
4466.0362279468445
1032.9424024606574
834.8797281888543
1670.614831903674
1770.604928378867
1568.9155181261947
827.4442134670427
7752.780959800538
10588.183816736628
853007.1662378648
2.442603228774671e6
3.0309284746513735e6
252638.22836519373
654965.496731624
5.590113595587195e6
541470.9788049647
1.3033249041579452e6
2.634598203418159e6
15650.18067602122
130344.57127752384
1.8112347408211883e6
1.3220581803888907e6
36931.374459716586
2677.8218472051426
399578.17331846897
3.6726482467798144e6
2.8658020809758683e6
4.262045885849124e6
459290.18962425384
80772.26733495337
25221.900322387373
47969.07270551715
14322.4610382823
1.4746860075755978e6
105553.31926883796
2.213529561412116e6
901906.1866064541
779245.7598622617
3.717935601163678e6
4.529705742676068e6
505145.8160592486
3.3616618737145364e6
4.0575042995555606e6
1.9129367779180596e6
1.8479442541831955e6
389379.0313822157
796588.1256960761
1.3578906644124303e6
1.9665489669456414e6
2.7129730380774285e6
5909.239358671089
2.538730340537647e6
88251.65528511169
1.685293166649969e6
3.3061189631085875e6
38372.23348037531
2.430533382276827e6
2.0736605731921438e6
1.244179583672157e6
1149.4193150313306
3.7647960910046026e6
1.2614916494338086e6
6711.358957970116
2.4471115645009647e6
475191.24707305763
3.1501557785712196e6
2.9216285568026504e6
647761.8906788345
2277.776176322557
2.809903348535074e6
393.3205279920682
1.511282143157062e6
1987.2108224056658
2.405773924968273e6
1.8659216138127819e6
2.31280558190027e6
2.7647998306847154e6
2.752767244997857e6
72242.25148053077
1.2975162664348602e6
2.7758922536361655e6
4548.573721175561
1.9945674120551355e6
507031.9135866325
282467.9107864042
2.568410657708896e6
2.4172407049959954e6
4978.17731802881
3.1967967564823455e6
1.6844412532937333e6
3.009054367548715e6
2.860334597521631e6
614794.1727788185
1.0329397177412199e6
4.187448508433262e6
3.016070820232269e6
302809.0465885967
810012.597333697
3.178266012706688e6
1.4118713694377474e6
4.832833604451155e6
3257.429021761783
28887.83930891599
1357.392840124326
2.931282039391369e6
1.2947532882684285e6
2.287732494226274e6
830.2642642128208
2.0952242460210314e6
2.691843647878943e6
1.4085392347798068e6
1.7305674789050675e6
621308.5159891376
542457.9209912941
1.5455252561533463e6
2.5871252210299796e6
804317.728948465
1779.288351383575
1.5219219239890368e6
1.8706034024909937e6
1.1305657649989335e6
50788.64101072803
1.1113870733573076e6
3.0944549007060505e6
735236.1423791688
212892.23348529843
1.0429176747733601e6
3.9080889295472004e6
1.103421573638723e6
2.740966065032919e6
2.4888084195118626e6
3.2208076233589114e6
1.2922261427004396e6
679049.7522598228
1.984009579462129e6
4.1927424335460053e6
2.4388625927281124e6
3.2930343214852978e6
2.5058326384726022e6
2.11129288280765e6
5653.714777239424
211903.46508674475
43114.27861181445
654845.1293612799
5.739437471707392e6
15443.593525292692
4.661060284308788e6
2986.84669452172
2.386994423311767e6
4.427154547271612e6
333367.1799716784
1.3852965103024733e6
2.6820308352671964e6
5.718506306798861e6
2.1721981125186677e6
19464.310511969816
4.621374342204993e6
123281.60005434677
3.295891355711223e6
3.350919322926125e6
2.378656845445735e6
3.6590908382985685e6
34747.16346170305
3.4448898675397146e6
2.9060791355970963e6
4.0998564317340697e6
1144.7954912810178
624215.0555457168
427370.9083807266
2.5866052331021954e6
2.5910815253774743e6
3.6290086578275138e6
3.0041391897536367e6
4.371470752431853e6
2.658274404236986e6
4.981655643284016e6
2.0466731064983394e6
4.983295861711142e6
2.731027020588836e6
2.4225728125854046e6
4.822687572082293e6
1.8391261661098357e6
503.1255783830342
4.111397938280744e6
825273.5901267593
3.698976507204814e6
2.741044740240212e6
372072.4917853786
3.5185042608838086e6
344336.5002271246
4.640209220067983e6
3.059018867919626e6
440903.5311455878
2.37083769407548e6
1.0126907606085087e6
2.0174569720445126e6
6.0365609056668645e6
912.8684278080127
3.4449504177015065e6
762650.5111868066
3.24050053801265e6
2.5716696210250477e6
5.982934602166019e6
3.938329351396285e6
1.4634632345073845e6
2.651393800854496e6
4.516787082709809e6
3.2721201687114243e6
833546.8249966153
1.510372436643988e6
3.261821282633358e6
1.265737203264613e6
3.6503732731911764e6
1.0924320154125053e6
2.4075651596508e6
28124.49558347826
2.6645138814731156e6
3.256754928160651e6
553361.5982819764
606452.0138813833
215052.25918322764
9877.588522346932
308708.4493018997
1999.7895809171935
2.91283218503645e6
707922.1305753364
3.9534845036109276e6
578424.2125519231
4.729798886908673e6
832925.1877795224
1.4921529773444291e6
2.822770253358841e6
1.0696566716897925e6
5.005724098765023e6
3.635544808479333e6
808179.5968258041
3.2181238539815643e6
5.090196339422789e6
2.637758126670223e6
4.6558613171963105e6
291946.15482304065
1.6038063867579298e6
4.21109691301964e6
777639.9682940748
3.0406261296626143e6
3.5512527856710977e6
3.6337115928395665e6
4.0478981620139726e6
1241.3226306461186
350894.0310817419
4.92852654610056e6
3.081942160844592e6
424843.78839530697
4.159551105329796e6
4.0221634067010595e6
1.7746658496894983e6
3.8593399028568133e6
1.846365070429336e6
3.205399877458136e6
1.2037889951478299e6
1.1962346630303774e6
2.4433213094388708e6
1.1092631825905389e6
974543.8460931708
3.405014829683663e6
2.708343441895027e6
5.361779013542309e6
2.90449595475227e6
387298.7651819059
1.7594358989707846e6
1.1874622677238553e6
336783.6495839236
4.1861730910921725e6
2.378223442145527e6
3.5473124617430423e6
3.785104360395728e6
3.5321990282290555e6
2031.994513264747
2.7095547807368706e6
3.6932624968760163e6
2.627691558923724e6
1.8877495189579793e6
3.387329916621849e6
468377.84166981204
2.153880817674529e6
5.297940738105676e6
4.688756931826539e6
609705.7559847073
294566.83140325855
2.553722324465102e6
4.118054645028303e6
4.1236163038360714e6
5.385504184672479e6
4.966738048061285e6
3.008337085215486e6
6247.4326529498285
115077.4597146336
560399.3100996007
1.643529020499995e6
1.98240943243174e6
1132.7140219535806
866808.2903692982
3.752877286942126e6
2973.5812441788244
5.286680115198254e6
683230.555398774
2.1451444281531316e6
3.6961429523691908e6
1.5833325542396493e6
1.1994322323254037e6
1.5098756409092254e6
8272.950377871757
5378.499240763101
2.479479045810398e6
5.674084025146246e6
1.0157143388571528e6
2.935853342554901e6
41664.06488993898
1.8010000631052516e6
544602.6200816296
1.0500022154269977e6
3.8270673675066177e6
2.3097484266918516e6
7595.659836168469
5114.368985513624
276363.57917714294
867381.1442169178
2.9311100802703924e6
3.6373400236821533e6
3.6840497427042574e6
2.85512163473811e6
2.0251163066267672e6
2.327567620859899e6
4.294430036508016e6
2.414823282316362e6
3.5195527077138834e6
234471.53042325124
63125.953685718734
127694.16456231133
2.334054672075162e6
4.482602115809832e6
1143.6156553888716
4.1225563346200692e6
3.118661799847783e6
6.399629272424602e6
2.8513195516279577e6
1.4833230908485616e6
308.45582887409734
1.069643495800528e6
5.1236918502498865e6
2.556597596154505e6
1.1975167848823916e6
3.4809402638872466e6
4596.067737876961
8.262876209871414e6
292528.1816000647
1.5429805415349293e6
1451.2832941082077
2.8598971643551462e6
2.7791052765902784e6
597591.9073576994
723.5064446064988
2.9037262084838822e6
1.06536756570494e6
3.6359135955995526e6
228241.3093943342
2.632877760682753e6
168312.31298467566
7180.755309642084
134294.42926016072
87521.54840707686
2.712637702726601e6
291445.44740387873
2.6707378732114346e6
5.311005592145106e6
28130.709269237082
548.7454207148966
1.7976389054542098e6
1.3826513068464801e6
4.608042487458014e6
1.4823232467200896e6
4.715877817150722e6
3.406095937112491e6
1.8345678778300036e6
5.102657975397411e6
732214.5402694402
4.795971546991598e6
17737.936851353646
234595.82310971842
72385.86503074225
2.50437103371975e6
134988.93888673003
787209.3886208421
3.336074149860846e6
4.633385148686596e6
1.3553104931558396e6
3.125996334472923e6
4.467541420406279e6
2.2719818033600682e6
3.0750770915278555e6
3.792829430588746e6
4.239534262606972e6
4.681085993976052e6
3.506096499071028e6
994811.8961711352
659398.0085532882
518337.1394275371
623121.3537664235
1.28390650212976e6
243400.45735989106
4.473098795099965e6
4.0247404562155292e6
628456.1949347585
2.924238892358267e6
6.528209287466083e6
3.8207245497907684e6
4.931921332961359e6
1.8963353883377106e6
1.463638351271497e6
4.428900247855927e6
143492.87804162467
370322.61317514646
3.3303714628216564e6
2.7405885320485174e6
738262.5306107056
556599.662930354
3272.812475971549
2.4872595108039533e6
2.870894285373263e6
1.7279832436259892e6
1.1129206231753563e6
4.233261620047039e6
1.5559567734994998e6
31188.796437048604
1248.3558329537784
1.2476823544816787e6
2.6530398068828923e6
2.9730361595981265e6
1.255106239857645e6
44071.29304275259
939.6675956504538
4.499246864275439e6
4.935531646844547e6
355798.72967133886
4.0307738668324477e6
1.8373715305146684e6
575747.3222905007
1.6130895020718903e6
1261.0785881865384
4.661913287635838e6
1089.7877001326067
3243.643677637734
3.5402315656825677e6
1.3964978602997658e6
187785.671569319
3.1518329890515264e6
5.26824404216205e6
2.3511062157188416e6
5.004852598847001e6
1.1553378245652379e6
1.8698282259757475e6
1.754778337354846e6
6.139743632943218e6
6484.344796228538
1705.5531309949417
66437.73381956232
3.9060657081011445e6
3.3183768858149163e6
1.3007543695035635e6
3.2883284626896735e6
1.4438134667833957e6
4.448734708586118e6
265160.2171200122
3.971728023438021e6
3.3073248610995673e6
3.963847438468876e6
2.1708847428568997e6
3.7400404119466045e6
2.889537700709961e6
3.8282927267677262e6
3.0275401457991973e6
4.454780140251103e6
244871.71278613815
3.049404686963985e6
1.4661430375664067e6
1.694656020048638e6
38970.35801839127
91744.18418161994
79381.90973550556
2367.9616316544575
2.569913531346205e6
2.7844286124820933e6
639255.49085197
4.819365634633068e6
3.456410092411567e6
5.44119009874697e6
2.5490019041797332e6
2.975908768900059e6
1.6772277065303018e6
3682.9586391841963
3.254450150165561e6
2.249647358232832e6
3.091497753642533e6
1.1125859637553988e6
1.3727960398167528e6
180010.20595811005
4.729015545921034e6
4.81043695803563e6
1018.072689602016
991117.2572330479
7377.323137623978
447480.00768108846
3.373535295972567e6
3.989749927139615e6
565501.7040857472
4.712063564470319e6
1.327110942405172e6
3.7937373169419486e6
189038.22644931707
9229.556519818376
95595.95594503837
3.4951752278040894e6
2.34088653708899e6
6.242701464962244e6
2661.213360940706
2.6322153611512245e6
51361.60123492554
122427.18768238682
1.6662491538787696e6
11669.716391649463
901.4161436303049
2.627748593152706e6
3.7713510564760976e6
1245.2487141934223
117814.0728780373
5.3166932612036215e6
68611.41869689978
1.177333751066446e6
597.9378982101357
2.2987211047251164e6
1.0990645398710864e6
495591.85964665696
109254.50734800125
3.8283289475806225e6
1.367848207022852e6
1.4733624530254472e6
3.602917986326801e6
4.849139368576895e6
737167.2935513845
4.941489749355822e6
5.786795004968642e6
4.091145408562176e6
678.3516747097011
2.72962360836124e6
1.3367414007552348e6
2.0876066747422933e6
3.8994864277254567e6
7524.425796032003
2.8331601677706987e6
1746.6762912609113
1.4744534187998257e6
3.7402769778732844e6
88635.96823347344
3.222969822626325e6
804255.1972412815
4.153738543995004e6
12742.659189876314
4.980405133481441e6
1.9171516383632158e6
4.2556243030608995e6
174921.95970863712
4267.579749029277
3.12338882401818e6
3.874915788572758e6
217717.5394654862
4.0796327951557767e6
2.9145699442354194e6
3.5399687185936994e6
331439.7579446114
2360.57379890517
2.2278784879428735e6
1735.6697659351396
5513.6170675635985
1.2639485210471237e6
313307.47189551406
2.9665340867200904e6
2.356876601658544e6
1.71677202955662e6
3.4832569170253244e6
2.0153993558267986e6
2.1561349358361694e6
3.3980802188368053e6
2003.5186662377916
886261.0858460767
1934.939398633568
6425.212777395364
3.7318677314768434e6
3.564331402302952e6
3.4480785515161417e6
2.941837873369478e6
64598.00250195363
725716.6669563778
2.599356356801314e6
677907.5419162386
4.748807981707021e6
1.0925009635830442e6
3.6275550321636316e6
3.7474292388409115e6
4.165179075478082e6
222973.2701517221
2.795361993137026e6
950722.9850934393
1.3688927905547381e6
2.869233011099787e6
3.284563761158435e6
1.8332683266083442e6
990.6262955282874
2.4868331309631015e6
579012.3692913635
2.91278216162475e6
3.4445471701023416e6
2.2552182838368886e6
148330.00205144644
9295.987430747084
4.717790368083552e6
442510.0904040234
3.5429734409761596e6
1.4448367326357292e6
1.8823600142082947e6
395235.31461477635
2.274609258998363e6
2.6942029172330275e6
2313.9418129155974
2.954407926666235e6
3.804334367755708e6
752823.2615982482
280120.317725227
417002.7363388151
2.8219769360650554e6
5682.865774706665
3.4318070321899075e6
1.6413727289986275e6
2.454113244242149e6
506739.32406651136
4.4561421385670565e6
4.023097964262327e6
1624.3748630350449
2.750487136795446e6
3.25075968744834e6
1.3210382943516693e6
1.2730897937528265e6
785.9970881858006
928323.8732336151
4.440171048219396e6
4.1222698707767962e6
7730.414624402173
5.160401492866647e6
354649.51578309946
4.169623781745016e6
2.81120746460101e6
2.1424526344093266e6
1480.2167598739761
3.8389856213270556e6
778818.8550344018
349417.32026515953
358970.4929081422
3.137300988929801e6
830552.7210505083
652043.837953688
442331.13194269576
1.7402927933494353e6
4648.925104985389
308285.65940674196
4.860150022590929e6
923298.4953924312
5.222872886480835e6
4636.473840027477
2.6127569492991287e6
2.240899198921474e6
2.471233674399106e6
123290.83120989474
4481.733052770424
625370.666414583
3.863607699986849e6
1.0135131058581908e6
2.906055008760527e6
185220.22411167028
753.7226140074271
36985.71276025314
97285.0765367843
2.0785520113530455e6
6.103422323167592e6
1.772852246333453e6
170419.23060455066
2.9908559695171565e6
2.4289497597356145e6
2.116767151998495e6
5.292087499443445e6
627054.0469364402
1.8814084745910305e6
3.38622970677436e6
151776.908684224
5.506838153974471e6
2.0669188297210562e6
3.99925808018568e6
2.2876210900895004e6
3.252845393444274e6
4.950536179572535e6
5.104384846975565e6
3.5129082711180034e6
3.00302916898846e6
348.3163603714948
1480.2730787211724
3.937634510200104e6
1356.962845477612
4.1752893412667606e6
4.983928522398194e6
4.020266904616315e6
3.8871599069328643e6
173543.9951864083
2.75998480438865e6
2.0528988578942635e6
1.8087243123618246e6
358385.83643215365
2.708037059204043e6
2.2768123110769973e6
2.7819064887050423e6
3.006709752419893e6
140053.23871424017
25753.18617426124
4.451716080302104e6
591461.2103684962
3.4039875597029277e6
3.3604434454932585e6
3.576707414993031e6
1.3386070969191084e6
1.4426809268311085e6
1.6779169804817773e6
1.7609820279879638e6
167317.21768419028
810771.4723959974
4.157813173621438e6
3.9183728105739434e6
3.5046317496434418e6
312528.8889610734
623193.0286952978
3.5046219885317534e6
1.9117513286761248e6
1953.4699776188334
679.1509150383954
3.198964636764405e6
37340.92003974887
222274.96696401804
1.0613984543016471e6
111565.85686658455
3.805485648258753e6
797806.3139109955
6.6184448068690635e6
4.0120630975398235e6
1690.347009677951
3.808873177162104e6
1.4219714478114601e6
123082.37878897093
45845.14755084872
3.471047726959057e6
1.3148616325388954e6
6.07442560728763e6
2.5324728538102466e6
1.5565230409379222e6
118000.79912069843
4.528746121931681e6
4.0120001013853173e6
3.8538941434710473e6
448165.4710764645
1118.3108705146403
75852.57125068056
2.754333494084719e6
327413.0900515273
45294.24961152807
805.3522432298041
4.768126557679513e6
3.7792935281539946e6
3.6520771117274445e6
297072.72919807857
3.7246968162617884e6
2.9526532107915785e6
1.5403792102734686e6
2.8956638939392897e6
2.326221163535749e6
4.681042571822063e6
4.060974826773396e6
29515.111276341606
3657.0328331784804
271905.2586422877
1591.8519244690772
940445.7887341907
1.0968805312166817e6
39259.8090813863
1.69318114645804e6
4.9295088723112745e6
244478.43633632528
4.237999829753767e6
4.0630840052374825e6
851.2456363880843
11483.013805140896
3.005538899278132e6
3.0936696403231756e6
1.095175835828617e6
1.0578544381474415e6
674129.9861851949
2.8141853456356726e6
3.1243129881201503e6
3.3554333321995307e6
170133.4762136504
1.4278383051560095e6
3.147701208887842e6
375014.5615730856
859215.9613941116
6.25325646269001e6
1.8098998786639953e6
3.633042084843543e6
3.4358737175770327e6
3.186301062333833e6
18424.784991118286
1.8922871195323032e6
2.1482916050289203e6
4.242888800138183e6
1.377936146781345e6
118608.79253166758
3.224163112614323e6
3.702428733750202e6
1965.0138223734605
4.906707663224624e6
2.776210016486047e6
4.30883340392557e6
5.975605814972957e6
10120.772690158954
9604.701896938812
2.970959787439091e6
915912.9805015642
1.4191937000402343e6
3.5602398979258793e6
1.1545556476441033e6
4.091314045592615e6
2.258288014334503e6
2.4837294970270726e6
3.8684496794087477e6
2.7443314991951785e6
2.3079782314869836e6
2.1888990667085866e6
3.922997030223317e6
1335.2077828028132
294731.0189944298
2.0075985474357747e6
134088.42800196994
1.9963609155996249e6
1.208837554359558e6
76530.63508765538
3.9236282504529394e6
2.186677328711241e6
2753.8062183287816
3.6384135306786527e6
5.217785798288201e6
183811.96352731888
82614.35279997096
3.168581591280659e6
167.4373948283828
2.873891427222615e6
1485.0167779502863
3.2051476106652375e6
4.04986830388617e6
3.9258941155254603e6
743966.9900888075
4.0287271844080104e6
2.894218292051377e6
13309.167425220148
1.0787613531834064e6
1839.6775062599852
3.4126165268637524e6
1095.1328586239072
883481.8913738612
2.520569486157417e6
322901.7453192955
935805.4920747139
2.8335433141778694e6
4.1375793963840096e6
3.076173894905299e6
3.071571741478723e6
633735.3010421726
2.835679282618048e6
3.7836635363007286e6
1442.1959687582082
4.0535455054323436e6
3.8356264078826853e6
3.366025943638528e6
4.587862582084679e6
70920.86759931654
2573.924013948505
554276.7350832078
3.7314810771778687e6
184421.9844852417
3.5118953439664408e6
260383.70622101807
4.209312971886049e6
3.4346368925240636e6
26947.101595984674
3.404805082367113e6
4.673434381646395e6
39352.220044037604
202828.4931113786
3.9545429916343815e6
29331.458191322483
7450.694905240077
1.8033804200530646e6
3.384854253353639e6
2.547748335098528e6
380634.00992631237
3.734415168741586e6
198721.35136245066
4.77891065845423e6
1.4724560432233412e6
411426.4306894049
1723.1951155218405
4.47953548061501e6
5.214406503569146e6
24459.534723346
3.573816514623077e6
3.9989070289473236e6
2.621735395242813e6
3.5338789562442168e6
2242.784837930818
2.730579522587224e6
354375.0219633766
1.168701658020856e6
55711.258139061545
2.920229048795942e6
3.2017752124818037e6
3.0969120121528152e6
8397.706428604646
1246.4680549192374
3.350420525924439e6
1.976808526656781e6
1140.8879545527222
2.9778131573231034e6
3.642048142337279e6
3.6548520755456747e6
4.45693614320103e6
4.313829690277798e6
4.711486334835527e6
299097.8281074332
4.576660712717672e6
1.2717816590562488e6
44355.96493166886
4.754918044119764e6
119844.54560530912
3.9379012313390174e6
1.274825164478053e6
4.550911082666713e6
981556.9237821824
3.234357579627855e6
3.019830933873271e6
3.6237774275666275e6
3.604971715598185e6
2.2829520515883584e6
37451.520194878474
2.9868794846258354e6
1.352601594980464e6
4843.955954300842
3.6236699948723777e6
2.771780211270735e6
2.2492522684667152e6
357560.7813991211
5.305951530348127e6
4.052098201020982e6
148047.4096338194
63519.714459882984
895684.2794057735
3.7437868636552277e6
3.2944181905729524e6
2.2919178542680074e6
2.214394835619207e6
3.8425488773625847e6
2.5762985566271176e6
3.0008193459913745e6
2.959493708769512e6
1.8908955123577274e6
294386.2984864239
1963.6881449786222
3.705584868217462e6
4.0623870056283423e6
3.5965646383601166e6
3.902683024096864e6
795285.363388543
948926.6651742089
3.762645937359398e6
260522.58910269834
3.046148040016143e6
407543.3797298628
4.613291285212681e6
3987.211385858555
4.1888503029326946e6
2.135717688952206e6
6629.859642919902
2.393707022115301e6
3.06370510878061e6
3.313062408432998e6
3.948427601514227e6
1.74006910600264e6
4.279760908731577e6
2.874259881167231e6
1102.417021615295
3.259606571788126e6
251175.12443087375
93910.63494655506
3.71394217138427e6
3.3962648836610154e6
73485.05144259082
3.1956182738918774e6
4.153762991776286e6
4.41625547436889e6
1.8868528915102507e6
2.0358670302057576e6
3.9672700804916485e6
2.3093041310815667e6
342368.38498704106
2162.97100610879
4.052670199432123e6
888214.4316074335
4.577419460885777e6
77924.73687392009
3.406891671800258e6
1.9258582822319511e6
3.4251271993269287e6
3.517864149514973e6
3.099662532297248e6
1.1343671740982262e6
5.112627013269024e6
1.9382662559790332e6
3.592611594677888e6
5.911316907793168e6
2.7870648411341463e6
65653.71554610041
1.6600957333112424e6
2.2889346367495074e6
10861.666932187749
2.3238121497305986e6
4.118403715987062e6
2.6237163596844627e6
3.033904036057396e6
199643.47273673388
5271.816282725984
4.391333802832277e6
4.0224466404631785e6
3.688933284792997e6
943.6281420052559
2.486504091920251e6
2.1525571660420396e6
3.8994524383111265e6
3.126989345135039e6
10652.858350739143
4.804157866004921e6
2.786941771154042e6
3.1587608355817613e6
2.9402762884780634e6
1.9273493054524788e6
3.273940398154994e6
3.234323704692865e6
2.8763946473063133e6
2.3194523352991575e6
1.055557370164336e6
3.134510382422307e6
340849.0895054241
1.6235588192560615e6
1.2821586275351292e6
3.7907320820160136e6
1.20352876741286e6
1105.0901921833126
1.0312011811146489e6
2.5393886706405706e6
5.046489351831148e6
1.8127005416586816e6
72101.25758564544
3.4943116458809725e6
3.6183769691162184e6
2.1417828058290794e6
2.205370142309722e6
1.0739398005187248e6
581973.3754108431
4.469008815273757e6
3.748973923436031e6
2.192066659162765e6
2.487581098867442e6
2.20591447493663e6
3.2681532686220254e6
3.4134589157058634e6
1.1115187465412547e6
326520.9673308401
4.215851092423673e6
3.628410615527753e6
59423.56186711236
72033.97171266597
472.5832286543018
2.8240445924144597e6
1.9220094185637645e6
3.567554614544028e6
356403.9562916127
5.546792734520633e6
3.6353580192175447e6
3.1466918785831425e6
15776.550464374037
840089.9709551446
4.316821031494743e6
4.313025748651579e6
3.6835652205549027e6
1228.0926204887326
3.1205176308165654e6
3.3603476386335692e6
4.314676343816548e6
3.6810156075710896e6
3.807353525494678e6
3.637343291208517e6
360811.10821964004
4.472272337489515e6
676126.067446627
2384.914045473876
1979.6235686569717
190746.28654389185
2.8594989380939114e6
2.3787615582077573e6
820.6166036699884
3.9759610745091573e6
3.5994911797893345e6
380553.02631035325
280273.0284283346
880967.8595840506
3.2207898654664583e6
4789.79727885071
583274.1981957501
3.49225832348242e6
3.1457280743053034e6
3.432685063177942e6
2.3194897217463427e6
5.509013370197757e6
3.143869641029272e6
706976.7490692893
2.7294976027019084e6
1117.6258526791253
1.229707409036534e6
3.9953718252566927e6
3.9676164965834147e6
1.0300503917887596e6
3.7863687325540315e6
3.156864353039533e6
3.306308207971988e6
4066.648312655878
3.725053357801359e6
415.0162592361019
135441.39005613956
2.619806656081704e6
2.759595646895829e6
18588.03486409079
4.342200190801375e6
4.4537349989090925e6
5.125727622676006e6
295119.146248281
3.5262228944417327e6
779.3253722059376
2.653894732475994e6
1.8800657504549902e6
354893.81824367464
3512.263867531064
3.2402663237104784e6
13714.129209336708
2.9172010741957743e6
160369.37530489775
3.7346762697926783e6
22988.227718397848
818692.4866837278
51717.886403171775
3.4454478987669726e6
1377.9516631443983
4.293042170811328e6
2.916925171572005e6
244691.7900804629
118650.01085876169
337018.3955762174
3519.0192522661578
4.352232171528229e6
2.807038329448767e6
1.967545225264148e6
2.795618649154238e6
2.3069709556140495e6
3.0099009068952478e6
3.9449957354598013e6
2.780083575722036e6
1.8518859382309366e6
3.2055639148424193e6
2.8069724072111812e6
999442.8274526732
6.059423164460736e6
3.01612138758198e6
3859.044453494979
2.1837153582392e6
3.1481354262420745e6
1992.120777324334
121887.04054533968
4.538032757739189e6
4.622641249962735e6
5.859445076927188e6
2.0638877737848044e6
882340.2980662007
3.4558513633862087e6
3.2686580475841747e6
3.2368793853819915e6
16437.97607569414
1.3411978002921653e6
3.0997877205385896e6
4.581275846226082e6
60831.312774541344
3.682554375524914e6
2.475319798281195e6
1.6484020010467477e6
3.275880587598095e6
613121.1329588805
624855.1386229233
985.8214047270172
3.2599442741538384e6
1.229477682973692e6
2.707617706098991e6
286035.8563111744
5.348515463886009e6
3.176956241183358e6
3.778018767905018e6
826.6805703058966
984.5528745011712
1.2763866578802017e6
48573.1808779781
3.478324017736891e6
8570.82004604411
3.9991988816337883e6
4.0992433753849976e6
2.4875267498584674e6
3.2251996060240977e6
3.816915512266016e6
3.7516634624553286e6
2.21914418400769e6
2.570915323478292e6
4.1322778675866127e6
2.959154103078354e6
2.713025322578768e6
3.0091453802417573e6
1171.5383028037543
1.0038132740174885e6
3665.918391328802
43700.85172477897
70392.4103793908
3.1912366626075567e6
208457.56591133447
4.1506874412964024e6
4.0878600716858846e6
4.793822086200055e6
697070.3339459036
3.1161740499397474e6
3.732559311328092e6
2.4087367920239377e6
3.9105489778689626e6
115927.49851291529
1.1782266795474885e6
470421.9823034189
1.7583561695030385e6
3.4778621408729213e6
3.8146537866750737e6
66844.75486909792
2.963870691298242e6
1.4464205209881421e6
1.3724749141452515e6
775843.5891956072
1280.6123619891005
4.0233802314579333e6
2.246548232554681e6
642433.994221244
3.3456810055219587e6
240.0041817965683
100042.40501465388
1.063883598259382e6
3.259868493988412e6
3.4880204760396075e6
3.149243591597227e6
2.6202766251630248e6
2.429164114303385e6
2.5618041000306937e6
3.4453017236768617e6
2.7119436908962284e6
1.4317650624351061e6
3.056003857101459e6
2.620702775967922e6
578499.1186151496
4.940059605472689e6
1684.8341336401033
1.181959699098651e6
1094.1432514394685
203529.39485314427
121109.14074845058
3.3571722460126667e6
3.579932894699954e6
1116.3721798806919
309711.8500703866
356397.09784549574
16101.60760734271
3.3765279575589024e6
2.5761647953772265e6
662764.5615573231
230312.52256678665
3.82561925721156e6
161458.07138743854
77041.8358320773
3.6240937727360674e6
3.04997676332934e6
1.8196425642603405e6
3.336036123336056e6
230760.98939258745
2.000623397187047e6
1536.3111836705136
9810.408231092466
1984.9845695275235
1534.5136428196683
8200.261357339294
2.5601659111860585e6
1494.3467034871453
547310.4532610999
3.82229272146143e6
145277.1122545921
3.4332507768876e6
3.3280995611336487e6
5.444837553097893e6
338353.40873095556
3.288268437309071e6
3.389663288118334e6
2.7681161703995112e6
1.4099229089099725e6
10214.433707077183
3.211325418737117e6
162833.37118395642
3.0791211723414175e6
1578.2759569051532
3.281015867139935e6
135421.9975393382
635.1188618697502
568402.9677465862
3.366875497238518e6
1.393862952446226e6
65193.35235564172
3.3429176129284943e6
2.4784465187442596e6
1.817756698891037e6
2.63717104337145e6
2.8327742486416027e6
1.6647282055473365e6
601.6761708753709
218416.2746742041
2.3834093110847785e6
3.5202542792426758e6
1069.3398701527433
503298.2378962255
1.111303442824804e6
4.461299889053631e6
3.084688776156396e6
2.1626824323255313e6
2.6559242748396103e6
3.957813477896785e6
3.6479552606338277e6
2267.404470918303
3.5197734554956905e6
3.037453083007298e6
3.3282920004649535e6
4763.664361953534
3.1364871179805794e6
2.223412410564361e6
1.657486103373349e6
3.4223254111711145e6
1318.4008030822818
494247.92041989247
69904.84147367903
3.4804892074075122e6
2840.7503748678937
30826.688492519726
2.662799009295644e6
23493.549249238687
2.989599519373881e6
42741.565858637914
3.742383229549969e6
1034.9099123524709
864.5478027311609
1.1673678484166798e6
10652.991072675048
1.0397917900994695e6
3.1134122055300674e6
4.233500649440669e6
19559.78615009115
69671.7295656909
181921.40901949944
672.8957674442564
710241.9049747316
183534.03787251897
3383.9523145295407
3.9951512542549e6
1.9611182578727256e6
3213.559929456602
4.346096211527873e6
3.9820823780477294e6
3.7509976021084567e6
373182.605500031
154622.06687809096
2.7700756726894793e6
1.7099505947582487e6
2.2748559497185317e6
2.728979557020808e6
3.3309093103832826e6
2.862736412520382e6
2.7889820871280977e6
1.1247997371821245e6
1035.9149879965635
50999.39014751691
2.0608004984328442e6
296482.88726362976
744.5358202161107
6.463323244034949e6
709187.8478560055
3.2345773407135266e6
377694.23347353196
3.3555062750152214e6
3.19763035409335e6
112994.97793579013
379.4158840633463
913983.8146308223
3.96525729207267e6
93022.29830364588
2.9269738374791876e6
73193.04051405854
8923.046526937478
3.0066903579109334e6
4.385588014251351e6
1.4767567460438658e6
4.264605015189494e6
3.3533709386221874e6
3.958412357665846e6
1375.702357647445
4207.206308741136
743569.2890823189
1.3182472273049115e6
4.808255951119763e6
469762.9807591497
2.5994228297382086e6
683.481284726509
2172.2516794093312
3.527400243490959e6
3.2138795060791015e6
3.4373747419225215e6
3.5474449242299167e6
7675.739297249981
3.951182827659128e6
4.062494087312888e6
3.2979222863642895e6
3.407382249262703e6
3.3181772660006047e6
191825.51740860826
3.101259513658862e6
3.1505729018289256e6
26400.12665870045
3.304559493835345e6
46266.0025773886
28083.15530874616
964121.9568376144
2.774206427923013e6
623885.4085109743
135518.29197662894
3.4596819701276165e6
3204.0099559908485
3.209201081264926e6
3.073886738439865e6
1023.0772263836958
787867.3025304523
4.987984759306044e6
470871.52562365966
18070.001066523848
3.458338165595282e6
53721.39132712223
4.986641325694612e6
752456.4183205176
3.183054171117687e6
1.0449872933570063e6
513.2146949045667
3.1366554345853827e6
4.074757971003643e6
91697.22272962867
3.8885247077923547e6
3.5267256931537115e6
3.62730303947613e6
1.2653609807148948e6
2.717661869125452e6
2442.5162212547375
369067.7775143241
12568.788301463586
2.987047678302388e6
348648.0463860233
2.6411075846968996e6
493305.3012886066
1250.8769072636826
3.859850714515697e6
4.1390450088035823e6
2.8508017472933843e6
354592.3543348851
2.919731043102794e6
2.9056893811618728e6
1.9984620258298733e6
6052.926017087454
554550.167375774
32524.626377307624
3.519713138379539e6
3.4057271232407093e6
942.5767329614883
2181.8274885349388
3.906049984290624e6
49745.46766491011
3.3776449138031327e6
4.253333498347936e6
1.6628141608459817e6
3.8372076666647918e6
2.974249613357624e6
3.755223651509203e6
10897.257652608008
1.0900563760558453e6
5.079959690960583e6
4.504837941259589e6
1.8185662786883444e6
2.159293369998491e6
2.947980898729015e6
129691.43987515189
2.862868551064264e6
886.1980505894277
3.7926738350131786e6
256408.39459608519
3.773615553728435e6
937.4885723480501
3.646413475782423e6
2.1481330040672366e6
3939.0073158263017
92167.25917358113
3.0027304143515066e6
18674.815162749674
96600.80047695122
2.283939345400751e6
3.4574367390887025e6
3.4917201687720935e6
1976.3486820647802
3.640357815734422e6
23162.72075636477
4.0346993600133e6
3.853593693237439e6
1.440660629960999e6
25805.75095022935
2.580751682837865e6
77230.01238925626
3.5288567871611e6
1508.8879171185536
233955.4551009353
1.2129584418094447e6
39749.614389087605
1170.7498652733636
253106.4279272214
1677.670046568261
3348.116921941723
4.626184302721842e6
1.967572195658033e6
150082.9959995513
3.726733777769806e6
3.7157284903421835e6
4.201583517947125e6
288649.2368448879
4.674629338138808e6
2913.0627127358753
26781.59259221119
2.917301017220929e6
1.1631290324198513e6
909.5426346370908
2.3379630942719975e6
2.54689600979397e6
2.9535958476799573e6
2773.339359473926
1.65367589562778e6
3.0996770484181866e6
123190.28861167414
3.176148714447142e6
139647.96672900254
2.774872596736891e6
2.157196915872996e6
11992.265144865161
4.479675310443317e6
3.1977046409490234e6
3152.4104367691907
3.0055750377168856e6
20081.85840779397
103749.71315728176
4970.987655988891
3.2988782850802056e6
3.174287758357814e6
3.0383440417561703e6
4.791477350857378e6
3019.6030033577713
2.726682628614771e6
850548.3479497278
3.135848524666579e6
3.9859069983722265e6
1.919586063417738e6
2.6541600798305073e6
2.902680121678777e6
3.7026352177058714e6
3.3942955943848356e6
11622.800748508942
910385.7794534654
2.647881632734231e6
984.8362929030691
2.613452172454254e6
305465.4881365479
5425.113099164044
22252.75580651275
3.593882583943067e6
3.7265460155963674e6
2.6811126727261674e6
2778.5386326863286
1.2114946020231256e6
45847.95395600252
3.6010153523524157e6
7817.024497541024
89199.12189701195
3.075364011534275e6
3.6372630460735983e6
101742.65014737379
9342.987012521035
114470.51889154462
6131.373768085593
304495.11785947083
1791.5175423106896
3.442778397751601e6
2.5576482649432365e6
3.4935977173016127e6
354.94486195114723
2.6660277811797713e6
1.2382129830293143e6
1.750150261693175e6
6346.4762016767745
2.804611729825551e6
20769.74362521611
3.697769778673981e6
50863.19292690798
3.999782065757261e6
934650.3649814213
1987.0200236832725
196768.6384191089
1007.6709250174184
2.5178890171929547e6
2.8100726470548115e6
3.006184127382841e6
2.5114403816814017e6
922.7630550832367
1583.0226965854752
3.6597486684349626e6
2.1130988339812392e6
2119.4064301534213
184307.37272141213
2.329749186661216e6
3.015710078936083e6
3.1223018791608796e6
3.913701033611297e6
3.5252750440669074e6
3.1139004660252426e6
201179.28112499602
3.311545033358565e6
432588.2946376262
2.672976663276931e6
2.6836326898332653e6
13195.597602267837
2.9866208824611474e6
3.060673655286293e6
4269.918201949391
1885.0651814694556
2.0390661733652197e6
2.0570869609585318e6
3.2874277666965458e6
5.4980172545051975e6
2.3074009752255417e6
2.564933970618926e6
4.241423558259779e6
1317.580133811599
3.162417982501768e6
1.6690349053279012e6
9897.770430669845
4361.948386753474
397.3005209937059
3.306059571299508e6
2.254673583287962e6
4.179964473291395e6
2.9640445961562074e6
3.606647349793877e6
4.4422248959186915e6
247151.82359750825
109330.01942848758
3.45980916175162e6
3.3390065302361487e6
3.381644533675954e6
1258.6325679414417
2.7681106401965166e6
3.57630435367075e6
3.0149116985082547e6
1.5194069672708695e6
3.070722269486387e6
172393.0237484308
72439.0930639122
4.143789453403266e6
7105.371622545917
3.25652424966542e6
26687.63073987345
2009.1061637238556
4.426916183374049e6
4.0118283766198624e6
3.588035829426157e6
2.104176118463453e6
9345.889504718927
1960.0381232816646
2.5365262088047992e6
678731.3752049579
1.4666218547855637e6
4.600952006181278e6
2.474829808200128e6
657.8571700326546
3.281843185575204e6
4.619922336887949e6
3.210587544898793e6
3960.5760564268403
29433.048899561774
2530.5847751532942
2.7251869735340583e6
3.1480521451033205e6
1967.5947480437783
3.271418435148915e6
3.9558092886991464e6
287494.1316598001
3.1338754135349668e6
2548.2557881669222
123372.15470792679
1.1552819527204689e6
56304.90938910871
26359.63469534241
408.18465077901084
262.87747295348765
1855.4599495706468
3.686480724368956e6
3.7675500965337376e6
3.031141338270208e6
4.159188396904929e6
3.4173110203127447e6
3190.619307220902
71743.07148262736
169202.84774782692
8632.488015887657
8945.051279400575
115699.62756511728
4.975199288550128e6
2.9315829052479677e6
3.4664919999315124e6
3.8897667935795314e6
1377.558017829155
1.5304222165425392e6
130575.40957735498
69011.29419898846
316.4138326445043
2.621868024277204e6
1.3954578254647541e6
42055.36958614125
3.072960605894485e6
656.8481871726866
3.829023125369951e6
40353.7731076222
74392.3516785596
4.3636011366354525e6
2.7633659962322237e6
2707.76648452459
2011.9536458835735
3.760557475428796e6
1932.0996944760382
2.8114683794456795e6
3.312425489362894e6
23604.903808042523
1945.0656956537957
458.6523800452694
2.842885244166003e6
5450.297968440877
29204.850224677884
3.2088773318174877e6
1.159405654689573e6
1.8787061041677843e6
66126.93825175292
2.9643606400870397e6
14976.018952819371
2.9323428013041723e6
3.448974202157511e6
1.7202069133275526e6
691.7702792962731
2.9083355776805654e6
3.280929634688614e6
1290.9762407080573
3.497630045170963e6
1390.9676271762826
43441.23307502193
213966.93888440833
1059.9118588432402
1061.612207276333
5.15009230540937e6
3.0048615081788073e6
959.8727830862945
413.6788767728888
15476.584806997327
4.1739521031945483e6
3.07939870857985e6
5728.816649887041
23179.228880525883
1383.555334059212
3.831082184407193e6
42730.1691741733
12073.588001188305
80839.98479701967
5391.1834851196945
2.142187429172836e6
3.2381215837734533e6
2.9862068466318846e6
32233.98796251882
1.4105854252647732e6
3.091227966924462e6
2.7471641750787343e6
3.0371610051033846e6
1113.9942912073766
2564.3922805240604
5446.73826457496
805323.9310220472
3740.6701974241755
11551.535496350332
7912.502099090702
2161.8858448951005
3068.092141204876
3.1030280034897453e6
180490.47702197803
2.768390329650871e6
6.237618090571773e6
3.858580140999433e6
1.914184176002952e6
1447.138828124506
242.38137065874287
15900.967918478382
39573.26968363289
9313.444244602686
3.2117543022175985e6
469.5165188108784
4.067427881715366e6
25655.208598532063
873.0058594231369
232972.79941395042
1103.4328137455138
2421.994541585286
4.669111497225136e6
3.544124363016892e6
3017.807696625588
3.0560726942335307e6
3.591236999459402e6
1945.0597744236977
1881.7936942124434
5.398780251289008e6
590601.9699418872
90703.32387626889
3.427445971958333e6
3.652101337059355e6
1737.1991900444339
3.2502482193857576e6
2.967598430619377e6
3.385303468101733e6
3.58761736099155e6
2.7057831337240892e6
518.9270020582206
5617.9473542916885
4.384616891024022e6
7934.098173864205
2970.7879138059398
2.9734201103616804e6
537.4208956294892
2.899763470063141e6
1044.467260735216
2.9627956312369965e6
3.016063967090485e6
46640.314750911384
2.653023091096815e6
5.133969204713303e6
2.9528306663819067e6
1040.2541988001678
2.0889224557167522e6
2889.1436716446256
2.4984609123491826e6
9919.334770086269
3.311817540363015e6
2019.036541061944
3.3689831141030714e6
93164.2190410453
1808.9625241902156
3173.0425509369647
2400.2939547519086
48355.69907702438
2368.8493630553166
5315.099502793405
3.1027397889921945e6
34149.22560591644
1.017735955967796e6
3990.837940742735
30997.597091151798
3.040373265827114e6
1591.0898551819246
27958.438721352722
2.7192544047224447e6
1250.2859156211
19838.66509732488
4.211441827221743e6
4494.387259877491
1153.3077605627552
4.0776265737328655e6
5.133445454612107e6
2670.09221124452
1826.6858540011056
2.0335718645997476e6
10705.867732389175
1637.7950879884975
2481.722806380508
4.0389345029121763e6
2628.48485472557
2046.1993585017442
12920.86018875736
37856.99749335978
1.902193263192989e6
19774.93209468779
1.4030282031349195e6
2.8095186359357894e6
1102.9602320904185
3.297232945432879e6
2346.8554818369994
964.3897949358798
47392.04457471889
1438.192686521252
1546.5126810422478
160289.87502619476
1144.9101372935736
1611.987180482526
11588.235008982992
4284.042783892168
1961.4665123229959
85913.7214510076
99553.17922851659
9888.155724981005
3.1858435512248515e6
3.765812657770859e6
2.6068476765574124e6
5.610510601240646e6
2.749986827017786e6
3.6079901539982683e6
8735.76646356686
3.0267873849902614e6
2931.1982465522274
12106.330162099975
1671.7279757745655
6849.214954667904
2920.2818628583022
2.966935373010181e6
5.302256515038005e6
3.0370344472399987e6
3.8888659373966306e6
2832.952245610102
4743.557451568325
1081.6363480999105
1296.136280533068
6157.345389830613
3262.6751625045977
27832.64041931462
3518.452433825347
7962.04135881718
7332.00885123348
3.0032331153665707e6
61534.54090755563
4706.683353538287
367.49514898755825
2.76234916833006e6
4.013638830518976e6
1262.8630348625695
11348.76723856876
2.6038557372364365e6
3.636731965735288e6
13674.754097658384
5.565277604057323e6
13211.88466822743
2.486235562602368e6
770.1261185381787
1243.3289198538116
3720.182658267678
41580.156280783216
1221.8070731522223
2847.0828155769545
1214.8305825403856
7960.140911238225
1.8168741813403808e6
1690.0997179031226
890731.6522362578
2.853777499581209e6
882.5918731559512
1233.7733999354966
1537.2412092643651
82202.51184840636
15856.840220470543
13452.923395490834
18411.759404069056
3.2534358244826705e6
1016.7907405143909
2348.5753865457573
5139.198231385814
2399.74372253119
1.5223803641433672e6
2.8372559925225135e6
2.3889148218248542e6
26403.561867264263
2.442082120636809e6
1982.479016028139
23825.464885673995
2481.126366403854
10527.312346949278
50932.97066595912
34131.462707763545
104716.03898602247
6768.585126191329
3.4629703940034844e6
893.8390264445965
42382.418856417724
4552.241847504804
1776.3759112951032
739117.7916020313
2.7111954104628093e6
5874.452656855192
4.266548884886071e6
3344.894206344448
3.1578805078220717e6
3.2638549136742433e6
1345.904524095982
4200.1057596326045
1.7728793765549373e6
10654.121693185143
3.253167391452799e6
5833.057886995714
469.21827807852816
2398.187438908672
7444.655245604554
3.502184539246554e6
2.617756495214558e6
2.186762055453827e6
9524.580847277068
1957.0514263186387
2.474789440075628e6
3.866216735266574e6
4904.120938394588
29580.417544479616
2.319575041406241e6
2838.795467287648
1352.9226812905656
1727.2194620828257
38930.25450790129
928.72686683584
2.685712395297189e6
5379.798951733775
2.674055960563316e6
1396.8791128851208
5257.599296657089
2.6010759429615997e6
139243.12983978636
9227.023820682374
47324.77029240761
40019.75688514512
766.0282626844736
1068.7747093997798
1041.8481896646138
22864.204175025512
8160.213778195292
1877.1235627523627
8934.8146342745
4141.1843477847315
1167.9819002072416
2.3121165972201335e6
2.3345044579925356e6
4745.945718198123
2.721605332220037e6
16719.247086002582
10528.756034998947
657943.6883892674
49291.39072203906
203.44560853238053
1981.0444194166812
3023.5353723375247
1823.507522311559
2.5319665952612604e6
4.143061585735707e6
3749.2887933590805
895.8414386122877
1783.6908890950472
15843.03469128586
2.1936333280373686e6
923.5421800713779
2.546787212790995e6
10139.524024932012
24794.884665387206
981.2237240665117
7343.549628760477
22331.592452333076
6074.0847610686
1019.8753271588494
32314.23818064587
251.0993091818474
12321.03714650272
3049.687107062515
2.552619196415728e6
7210.339153679667
21613.811238515667
12010.872868643215
2.947762273148867e6
9532.515085340567
15257.904169569205
4.045695047605552e6
2.1584708097025286e6
42718.09697736515
414.4163789638491
3852.2009498038183
5350.179056492613
3549.298629431918
1993.708258585869
1430.2668816440917
14112.00922057392
1150.0366035431641
1031.6409029462914
1135.0311985373903
1605.429167018209
2136.0148029821657
1669.9413588755442
11663.046882685512
2687.427714679225
1748.7411654296945
8579.612061684975
911.8258824527171
482.4991348836622
15085.503765082269
50327.05635260957
1370.41521595879
6631.33036648167
1266.2657374752691
6549.35255570789
1264.9023057667684
630.8828530099214
2511.152193077063
7308.787585133945
1294.0777671594399
3834.9496413591974
23894.255213116077
6368.531952373775
2987.4870133589707
19526.802901584615
4001.83796037193
7243.8826044320585
755.3822061549099
1371.718265372054
2358.556549511682
1134.8668069870848
41683.538885530776
18642.729372688107
20787.610918129238
8180.3575013345835
540.0093491613792
587.7106534080438
19307.82062298287
1.377111126919546e6
1.2353201140333752e6
1.5476429621384332e6
26705.14554879803
5135.12724772923
2259.4113885124325
51353.09607390132
2.9220948631673236e6
5196.5021674138125
2064.9837802871475
4217.8901078747795
2975.144819324543
12420.218800476847
12055.319838249578
12295.833130431143
2651.8238677000395
6163.271491836557
12713.511379035774
748.4686491891033
1.8799122731170475e6
18252.00375650913
3178.96580477675
17620.929281542787
619.2049002153011
1996.3364821031926
2579.796758680112
15887.393786410224
23854.80602952132
15200.06505661498
4037.7429496624113
4818.0771558058705
1.6834679365887884e6
2259.648027220184
13295.97227081295
4.653873950173371e6
4357.481319464739
18096.89505647299
2.691992041759225e6
23319.18446017409
49955.963486833694
5928.945076232933
10218.866981543992
6428.2252898615525
11402.24928332041
5610.102022328218
2740.18680880588
16628.89483185936
16126.354051944938
1.8277664228090455e6
4.0293295894411705e6
4097.391206083723
6512.182973058622
10736.641702823688
21666.075973588388
33186.71394046491
128244.44447952975
12532.993737652354
13945.043046590152
5025.277494293096
22438.10974612506
1310.8524419734492
22106.461860273354
16004.000909687691
1872.8940447744133
2697.7989287323503
18452.11915157766
2293.499129528452
3826.7764728926645
2802.5788959082442
37578.239525805715
30069.18701657788
12552.919646703987
3.1192157063289434e6
872.548455201494
10005.85682660095
11142.449786186493
2345.3776311296674
20760.610080677212
12830.052107362872
15124.047666444405
88428.22846451255
